 Similarity of signatures with 1 functions 
S0:  227 
S1:  491 
sim( 0, 1)= 0,00 

S2:  23 
sim( 0, 2)= 0,00 

S3:  491 
sim( 0, 3)= 0,00 

S4:  491 
sim( 0, 4)= 0,00 

S5:  814 
sim( 0, 5)= 0,00 

S6:  491 
sim( 0, 6)= 0,00 

S7:  1543 
sim( 0, 7)= 0,00 

S8:  23 
sim( 0, 8)= 0,00 

S9:  1167 
sim( 0, 9)= 0,00 

S10:  23 
sim( 0, 10)= 0,00 

S1:  491 
S2:  23 
sim( 1, 2)= 0,00 

S3:  491 
sim( 1, 3)= 1,00 

S4:  491 
sim( 1, 4)= 1,00 

S5:  814 
sim( 1, 5)= 0,00 

S6:  491 
sim( 1, 6)= 1,00 

S7:  1543 
sim( 1, 7)= 0,00 

S8:  23 
sim( 1, 8)= 0,00 

S9:  1167 
sim( 1, 9)= 0,00 

S10:  23 
sim( 1, 10)= 0,00 

S2:  23 
S3:  491 
sim( 2, 3)= 0,00 

S4:  491 
sim( 2, 4)= 0,00 

S5:  814 
sim( 2, 5)= 0,00 

S6:  491 
sim( 2, 6)= 0,00 

S7:  1543 
sim( 2, 7)= 0,00 

S8:  23 
sim( 2, 8)= 1,00 

S9:  1167 
sim( 2, 9)= 0,00 

S10:  23 
sim( 2, 10)= 1,00 

S3:  491 
S4:  491 
sim( 3, 4)= 1,00 

S5:  814 
sim( 3, 5)= 0,00 

S6:  491 
sim( 3, 6)= 1,00 

S7:  1543 
sim( 3, 7)= 0,00 

S8:  23 
sim( 3, 8)= 0,00 

S9:  1167 
sim( 3, 9)= 0,00 

S10:  23 
sim( 3, 10)= 0,00 

S4:  491 
S5:  814 
sim( 4, 5)= 0,00 

S6:  491 
sim( 4, 6)= 1,00 

S7:  1543 
sim( 4, 7)= 0,00 

S8:  23 
sim( 4, 8)= 0,00 

S9:  1167 
sim( 4, 9)= 0,00 

S10:  23 
sim( 4, 10)= 0,00 

S5:  814 
S6:  491 
sim( 5, 6)= 0,00 

S7:  1543 
sim( 5, 7)= 0,00 

S8:  23 
sim( 5, 8)= 0,00 

S9:  1167 
sim( 5, 9)= 0,00 

S10:  23 
sim( 5, 10)= 0,00 

S6:  491 
S7:  1543 
sim( 6, 7)= 0,00 

S8:  23 
sim( 6, 8)= 0,00 

S9:  1167 
sim( 6, 9)= 0,00 

S10:  23 
sim( 6, 10)= 0,00 

S7:  1543 
S8:  23 
sim( 7, 8)= 0,00 

S9:  1167 
sim( 7, 9)= 0,00 

S10:  23 
sim( 7, 10)= 0,00 

S8:  23 
S9:  1167 
sim( 8, 9)= 0,00 

S10:  23 
sim( 8, 10)= 1,00 

S9:  1167 
S10:  23 
sim( 9, 10)= 0,00 

 Similarity of signatures with 5 functions 
S0:  227  194  97  1421  534 
S1:  491  647  1227  133  889 
sim( 0, 1)= 0,00 

S2:  23  536  1458  1328  534 
sim( 0, 2)= 0,11 

S3:  491  1403  1206  1328  1301 
sim( 0, 3)= 0,00 

S4:  491  1393  6  406  1265 
sim( 0, 4)= 0,00 

S5:  814  466  581  1463  826 
sim( 0, 5)= 0,00 

S6:  491  821  1227  1470  475 
sim( 0, 6)= 0,00 

S7:  1543  260  1458  1328  534 
sim( 0, 7)= 0,11 

S8:  23  1403  336  1421  1482 
sim( 0, 8)= 0,11 

S9:  1167  1497  564  1421  1482 
sim( 0, 9)= 0,11 

S10:  23  1403  336  1421  1482 
sim( 0, 10)= 0,11 

S1:  491  647  1227  133  889 
S2:  23  536  1458  1328  534 
sim( 1, 2)= 0,00 

S3:  491  1403  1206  1328  1301 
sim( 1, 3)= 0,11 

S4:  491  1393  6  406  1265 
sim( 1, 4)= 0,11 

S5:  814  466  581  1463  826 
sim( 1, 5)= 0,00 

S6:  491  821  1227  1470  475 
sim( 1, 6)= 0,25 

S7:  1543  260  1458  1328  534 
sim( 1, 7)= 0,00 

S8:  23  1403  336  1421  1482 
sim( 1, 8)= 0,00 

S9:  1167  1497  564  1421  1482 
sim( 1, 9)= 0,00 

S10:  23  1403  336  1421  1482 
sim( 1, 10)= 0,00 

S2:  23  536  1458  1328  534 
S3:  491  1403  1206  1328  1301 
sim( 2, 3)= 0,11 

S4:  491  1393  6  406  1265 
sim( 2, 4)= 0,00 

S5:  814  466  581  1463  826 
sim( 2, 5)= 0,00 

S6:  491  821  1227  1470  475 
sim( 2, 6)= 0,00 

S7:  1543  260  1458  1328  534 
sim( 2, 7)= 0,43 

S8:  23  1403  336  1421  1482 
sim( 2, 8)= 0,11 

S9:  1167  1497  564  1421  1482 
sim( 2, 9)= 0,00 

S10:  23  1403  336  1421  1482 
sim( 2, 10)= 0,11 

S3:  491  1403  1206  1328  1301 
S4:  491  1393  6  406  1265 
sim( 3, 4)= 0,11 

S5:  814  466  581  1463  826 
sim( 3, 5)= 0,00 

S6:  491  821  1227  1470  475 
sim( 3, 6)= 0,11 

S7:  1543  260  1458  1328  534 
sim( 3, 7)= 0,11 

S8:  23  1403  336  1421  1482 
sim( 3, 8)= 0,11 

S9:  1167  1497  564  1421  1482 
sim( 3, 9)= 0,00 

S10:  23  1403  336  1421  1482 
sim( 3, 10)= 0,11 

S4:  491  1393  6  406  1265 
S5:  814  466  581  1463  826 
sim( 4, 5)= 0,00 

S6:  491  821  1227  1470  475 
sim( 4, 6)= 0,11 

S7:  1543  260  1458  1328  534 
sim( 4, 7)= 0,00 

S8:  23  1403  336  1421  1482 
sim( 4, 8)= 0,00 

S9:  1167  1497  564  1421  1482 
sim( 4, 9)= 0,00 

S10:  23  1403  336  1421  1482 
sim( 4, 10)= 0,00 

S5:  814  466  581  1463  826 
S6:  491  821  1227  1470  475 
sim( 5, 6)= 0,00 

S7:  1543  260  1458  1328  534 
sim( 5, 7)= 0,00 

S8:  23  1403  336  1421  1482 
sim( 5, 8)= 0,00 

S9:  1167  1497  564  1421  1482 
sim( 5, 9)= 0,00 

S10:  23  1403  336  1421  1482 
sim( 5, 10)= 0,00 

S6:  491  821  1227  1470  475 
S7:  1543  260  1458  1328  534 
sim( 6, 7)= 0,00 

S8:  23  1403  336  1421  1482 
sim( 6, 8)= 0,00 

S9:  1167  1497  564  1421  1482 
sim( 6, 9)= 0,00 

S10:  23  1403  336  1421  1482 
sim( 6, 10)= 0,00 

S7:  1543  260  1458  1328  534 
S8:  23  1403  336  1421  1482 
sim( 7, 8)= 0,00 

S9:  1167  1497  564  1421  1482 
sim( 7, 9)= 0,00 

S10:  23  1403  336  1421  1482 
sim( 7, 10)= 0,00 

S8:  23  1403  336  1421  1482 
S9:  1167  1497  564  1421  1482 
sim( 8, 9)= 0,25 

S10:  23  1403  336  1421  1482 
sim( 8, 10)= 1,00 

S9:  1167  1497  564  1421  1482 
S10:  23  1403  336  1421  1482 
sim( 9, 10)= 0,25 

 Similarity of signatures with 10 functions 
S0:  227  194  97  1421  534  351  995  1099  134  1023 
S1:  491  647  1227  133  889  1400  1303  909  99  228 
sim( 0, 1)= 0,00 

S2:  23  536  1458  1328  534  1400  200  1293  735  228 
sim( 0, 2)= 0,05 

S3:  491  1403  1206  1328  1301  905  1145  1293  703  1078 
sim( 0, 3)= 0,00 

S4:  491  1393  6  406  1265  934  1145  1306  1057  295 
sim( 0, 4)= 0,00 

S5:  814  466  581  1463  826  1098  758  909  258  1405 
sim( 0, 5)= 0,00 

S6:  491  821  1227  1470  475  1400  1303  1550  576  228 
sim( 0, 6)= 0,00 

S7:  1543  260  1458  1328  534  1130  1303  692  703  725 
sim( 0, 7)= 0,05 

S8:  23  1403  336  1421  1482  889  1145  1306  1200  228 
sim( 0, 8)= 0,05 

S9:  1167  1497  564  1421  1482  1130  1322  909  472  1023 
sim( 0, 9)= 0,11 

S10:  23  1403  336  1421  1482  889  1145  1306  1200  228 
sim( 0, 10)= 0,05 

S1:  491  647  1227  133  889  1400  1303  909  99  228 
S2:  23  536  1458  1328  534  1400  200  1293  735  228 
sim( 1, 2)= 0,11 

S3:  491  1403  1206  1328  1301  905  1145  1293  703  1078 
sim( 1, 3)= 0,05 

S4:  491  1393  6  406  1265  934  1145  1306  1057  295 
sim( 1, 4)= 0,05 

S5:  814  466  581  1463  826  1098  758  909  258  1405 
sim( 1, 5)= 0,05 

S6:  491  821  1227  1470  475  1400  1303  1550  576  228 
sim( 1, 6)= 0,33 

S7:  1543  260  1458  1328  534  1130  1303  692  703  725 
sim( 1, 7)= 0,05 

S8:  23  1403  336  1421  1482  889  1145  1306  1200  228 
sim( 1, 8)= 0,11 

S9:  1167  1497  564  1421  1482  1130  1322  909  472  1023 
sim( 1, 9)= 0,05 

S10:  23  1403  336  1421  1482  889  1145  1306  1200  228 
sim( 1, 10)= 0,11 

S2:  23  536  1458  1328  534  1400  200  1293  735  228 
S3:  491  1403  1206  1328  1301  905  1145  1293  703  1078 
sim( 2, 3)= 0,11 

S4:  491  1393  6  406  1265  934  1145  1306  1057  295 
sim( 2, 4)= 0,00 

S5:  814  466  581  1463  826  1098  758  909  258  1405 
sim( 2, 5)= 0,00 

S6:  491  821  1227  1470  475  1400  1303  1550  576  228 
sim( 2, 6)= 0,11 

S7:  1543  260  1458  1328  534  1130  1303  692  703  725 
sim( 2, 7)= 0,18 

S8:  23  1403  336  1421  1482  889  1145  1306  1200  228 
sim( 2, 8)= 0,11 

S9:  1167  1497  564  1421  1482  1130  1322  909  472  1023 
sim( 2, 9)= 0,00 

S10:  23  1403  336  1421  1482  889  1145  1306  1200  228 
sim( 2, 10)= 0,11 

S3:  491  1403  1206  1328  1301  905  1145  1293  703  1078 
S4:  491  1393  6  406  1265  934  1145  1306  1057  295 
sim( 3, 4)= 0,11 

S5:  814  466  581  1463  826  1098  758  909  258  1405 
sim( 3, 5)= 0,00 

S6:  491  821  1227  1470  475  1400  1303  1550  576  228 
sim( 3, 6)= 0,05 

S7:  1543  260  1458  1328  534  1130  1303  692  703  725 
sim( 3, 7)= 0,11 

S8:  23  1403  336  1421  1482  889  1145  1306  1200  228 
sim( 3, 8)= 0,11 

S9:  1167  1497  564  1421  1482  1130  1322  909  472  1023 
sim( 3, 9)= 0,00 

S10:  23  1403  336  1421  1482  889  1145  1306  1200  228 
sim( 3, 10)= 0,11 

S4:  491  1393  6  406  1265  934  1145  1306  1057  295 
S5:  814  466  581  1463  826  1098  758  909  258  1405 
sim( 4, 5)= 0,00 

S6:  491  821  1227  1470  475  1400  1303  1550  576  228 
sim( 4, 6)= 0,05 

S7:  1543  260  1458  1328  534  1130  1303  692  703  725 
sim( 4, 7)= 0,00 

S8:  23  1403  336  1421  1482  889  1145  1306  1200  228 
sim( 4, 8)= 0,11 

S9:  1167  1497  564  1421  1482  1130  1322  909  472  1023 
sim( 4, 9)= 0,00 

S10:  23  1403  336  1421  1482  889  1145  1306  1200  228 
sim( 4, 10)= 0,11 

S5:  814  466  581  1463  826  1098  758  909  258  1405 
S6:  491  821  1227  1470  475  1400  1303  1550  576  228 
sim( 5, 6)= 0,00 

S7:  1543  260  1458  1328  534  1130  1303  692  703  725 
sim( 5, 7)= 0,00 

S8:  23  1403  336  1421  1482  889  1145  1306  1200  228 
sim( 5, 8)= 0,00 

S9:  1167  1497  564  1421  1482  1130  1322  909  472  1023 
sim( 5, 9)= 0,05 

S10:  23  1403  336  1421  1482  889  1145  1306  1200  228 
sim( 5, 10)= 0,00 

S6:  491  821  1227  1470  475  1400  1303  1550  576  228 
S7:  1543  260  1458  1328  534  1130  1303  692  703  725 
sim( 6, 7)= 0,05 

S8:  23  1403  336  1421  1482  889  1145  1306  1200  228 
sim( 6, 8)= 0,05 

S9:  1167  1497  564  1421  1482  1130  1322  909  472  1023 
sim( 6, 9)= 0,00 

S10:  23  1403  336  1421  1482  889  1145  1306  1200  228 
sim( 6, 10)= 0,05 

S7:  1543  260  1458  1328  534  1130  1303  692  703  725 
S8:  23  1403  336  1421  1482  889  1145  1306  1200  228 
sim( 7, 8)= 0,00 

S9:  1167  1497  564  1421  1482  1130  1322  909  472  1023 
sim( 7, 9)= 0,05 

S10:  23  1403  336  1421  1482  889  1145  1306  1200  228 
sim( 7, 10)= 0,00 

S8:  23  1403  336  1421  1482  889  1145  1306  1200  228 
S9:  1167  1497  564  1421  1482  1130  1322  909  472  1023 
sim( 8, 9)= 0,11 

S10:  23  1403  336  1421  1482  889  1145  1306  1200  228 
sim( 8, 10)= 1,00 

S9:  1167  1497  564  1421  1482  1130  1322  909  472  1023 
S10:  23  1403  336  1421  1482  889  1145  1306  1200  228 
sim( 9, 10)= 0,11 

